-20        2.08705
-19        2.85012
-18        3.75099
-17         3.9614
-16         3.2879
-15        2.34971
-14        2.00939
-13        2.57983
-12        3.53657
-11        3.99999
-10        3.54402
-9        2.58788
-8        2.01064
-7        2.34301
-6        3.27942
-5        3.95892
-4         3.7568
-3        2.85888
-2         2.0907
-1        2.15853
0              3
1        3.84147
2         3.9093
3        3.14112
4         2.2432
5        2.04108
6        2.72058
7        3.65699
8        3.98936
9        3.41212
10        2.45598
11        2.00001
12        2.46343
13        3.42017
14        3.99061
15        3.65029
16         2.7121
17         2.0386
18        2.24901
19        3.14988
